ALET 820520 00   25   11.0  104.8 9999 EP011982                                                                    HEAD                    
  -12   -6    0    6   12   18   24   30   36   42   48   54   60   66   72   78   84   90   96  102  108  114  120 TIME                    
 9999 9999   25   25   25   25   30   30   30   35   40   45   50   50   55   50   50   45   45   45   45   45   45 VMAX                    
 9999 9999 9999 9999 9999 9999 9999 9999 9999 9999 9999 9999 9999 9999 9999 9999 9999 9999 9999 9999 9999 9999 9999 MSLP                    
 9999 9999    1    1    1    1    1    1    1    1    1    1    1    1    1    1    1    1    1    1    1    1    1 TYPE                    
              1    1    0    0    0    0    0    0    0    0    0    0    0    0    0    0    0    0    0    0    0 HIST                    
 9999 9999    0    0    0    0    5    5    5   10   15   20   25   25   30   25   25   20   20   20   20   20   20 DELV                    
 9999 9999 9999    0    0    0    5    0    0    5    5    5    5    0    5   -5    0   -5    0    0    0    0    0 INCV                    
 9999 9999  110  114  117  119  122  119  120  123  120  125  125  131  136  137  131  131  131  132  130  129  128 LAT                     
 9999 9999 1048 1051 1054 1055 1055 1052 1050 1046 1046 1038 1036 1030 1026 1024 1028 1025 1021 1016 1019 1017 1015 LON                     
 9999 9999  295  294  294  294  292  294  294  294  294  295  295  296  296  296  296  296  296  297  297  297  297 CSST                    
 9999 9999  301  300  299  299  298  299  299  299  300  300  301  299  298  297  299  299  299  299  300  300  300 RSST    1               
 9999 9999  297  298  299  299  298  298  297  296  296  294  292  285  287  291  284  285  290  293  292  295  298 DSST    1               
 9999 9999  298  299  299  298  297  298  297  296  296  294  293  286  289  291  286  287  291  294  293  295  297 DSTA    1               
